32,5
61,35
10,23
10,273
10,159
10,13
10,91
10,221
10,307
11,13
11,25
8,11
8,14
33,5
33,4
33,3
33,2
33,1
32,4
32,3
32,1
31,5
31,4
31,3
31,2
31,1
25,3
25,1
20,3
20,2
20,1
19,3
19,2
19,1
18,1
12,3
12,2
12,1
11,30
18,3
11,29
11,24
11,23
11,21
11,19
11,18
11,11
14,1
11,9
11,7
11,5
11,3
14,3
11,2
13,1
11,1
10,305
10,289
13,3
10,267
10,243
10,235
10,233
10,223
10,181
10,173
10,171
10,161
10,131
10,105
10,77
10,27
10,19
10,3
10,2
10,1
9,7
9,5
9,3
9,2
9,1
8,18
8,16
8,13
8,10
8,9
8,7
8,5
8,3
8,2
8,1
3,3
3,2
3,1
2,3
2,2
2,1
0,472
0,386
0,273
0,270
0,243
0,0
61,34
61,33
61,32
61,31
61,30
